gbdt
num_class=1
label_index=0
max_feature_idx=0
objective=binary
sigmoid=1
feature_names=Column_0

Tree=0
num_leaves=8
split_feature=0 0 0 0 0 0 0
split_gain=4.41134 8.59475 4.93912 3.35115 2.93176 3.25023 8.27145
threshold=1.6727 0.857817 0.952399 1.63477 0.325436 -1.09457 -1.1124
decision_type=0 0 0 0 0 0 0
left_child=1 4 -3 -4 5 6 -1
right_child=-2 2 3 -5 -6 -7 -8
leaf_parent=6 0 2 3 3 4 5 6
leaf_value=-0.000974756 -0.00319829 0.00676285 0.00128337 0.0115152 -0.0015061 0.00042586 -0.0168142
leaf_count=12003 4221 2218 10675 330 16068 44146 339
internal_value=0 0.00113081 0.0245784 0.0159019 -0.0031424 0.00024784 -0.0140982
internal_count=90000 85779 13223 11005 72556 56488 12342



feature importances:
Column_0=7
